260064375, 260005925, 260032440
260094997, 260072488, 260026754, 260010997, 260031971
260092902, 260010997, 260068501, 260005925, 260064375
260031971, 260092283, 260092902, 260010997, 260005925
260010997, 260005925, 260031356
260068680, 260094691, 260092283, 260005925
260071927, 260068680, 260094691, 260014616
260014616, 260064375, 260026754, 260092902, 260010997, 260092283
260094691, 260005925, 260092902
260026754, 260064375, 260010997, 260005925, 260092902, 260068501
260072488, 260064375
260092283, 260064375, 260068501, 260010997, 260092902, 260005925
260012075, 260095234
260025405, 260094997
260055764, 260031971
260068501, 260005925
260095234, 260092902